[1]小车车
record_num:3
Lat:23.08782;23.07782;23.08782
Lng:113.38098;113.37098;113.36098
Time:19:07:25;19:08:25;19:09:25#